SURF 1
1 18.4966
SWCH
EXPDECAY 1.00
SHAP GAPO 0
NBON ATOM 5
1  0.312662      0.110000     2.000000  X X
2  0.202802      0.022000     1.320000  X X
3  0.192135      0.022000     1.320000  X X
4  -0.173431      0.152100     1.770000 X X
5  -0.530323      0.152100     1.770000  X X
NBON GVDW 1
5 2  2.19612 1.36049 6.97766 12.8327
BOND HARM 3
1  3     403.335   1.08789
1  4     773.953   1.28125
4  5     384.874   1.36865
BOND MORS 1
1  2     81.8189   1.08261 2.21071
ANGL HARM 4
2 1 3   23.8658   108.598   0.0000     0.0000
2 1 4   43.1236   112.124   0.0000     0.0000
3 1 4   57.0255   108.078   0.0000     0.0000
1 4 5   106.290   120.303   0.0000     0.0000
DIHE FOUR 2
2 1 4 5  2  5.54995     180.00
3 1 4 5  2  8.04198     180.00
IMPR HARM 1
1 2 4 3  0   38.7625      0.00
